{
 "cells": [
  {
   "cell_type": "markdown",
   "metadata": {
    "id": "nguNwhe38vlL"
   },
   "source": [
    "# **Body Fat Prediction**"
   ]
  },
  {
   "cell_type": "markdown",
   "metadata": {
    "id": "kdur0DqR8eG4"
   },
   "source": [
    "# Importing Libraries"
   ]
  },
  {
   "cell_type": "code",
   "execution_count": 1,
   "metadata": {
    "id": "Ml_JWdn68Vco"
   },
   "outputs": [],
   "source": [
    "import pandas as pd\n",
    "import numpy as np\n",
    "import matplotlib.pyplot as plt\n",
    "import seaborn as sns\n",
    "import sklearn"
   ]
  },
  {
   "cell_type": "markdown",
   "metadata": {
    "id": "XmVmpx9O83Sg"
   },
   "source": [
    "# Reading the Data"
   ]
  },
  {
   "cell_type": "code",
   "execution_count": 2,
   "metadata": {
    "colab": {
     "base_uri": "https://localhost:8080/",
     "height": 402
    },
    "id": "r48p3yE483HT",
    "outputId": "017e8016-4539-4107-96a2-4add7faa309d"
   },
   "outputs": [
    {
     "data": {
      "text/html": [
       "<div>\n",
       "<style scoped>\n",
       "    .dataframe tbody tr th:only-of-type {\n",
       "        vertical-align: middle;\n",
       "    }\n",
       "\n",
       "    .dataframe tbody tr th {\n",
       "        vertical-align: top;\n",
       "    }\n",
       "\n",
       "    .dataframe thead th {\n",
       "        text-align: right;\n",
       "    }\n",
       "</style>\n",
       "<table border=\"1\" class=\"dataframe\">\n",
       "  <thead>\n",
       "    <tr style=\"text-align: right;\">\n",
       "      <th></th>\n",
       "      <th>Density</th>\n",
       "      <th>BodyFat</th>\n",
       "      <th>Age</th>\n",
       "      <th>Weight</th>\n",
       "      <th>Height</th>\n",
       "      <th>Neck</th>\n",
       "      <th>Chest</th>\n",
       "      <th>Abdomen</th>\n",
       "      <th>Hip</th>\n",
       "      <th>Thigh</th>\n",
       "      <th>Knee</th>\n",
       "      <th>Ankle</th>\n",
       "      <th>Biceps</th>\n",
       "      <th>Forearm</th>\n",
       "      <th>Wrist</th>\n",
       "    </tr>\n",
       "  </thead>\n",
       "  <tbody>\n",
       "    <tr>\n",
       "      <th>0</th>\n",
       "      <td>1.0708</td>\n",
       "      <td>12.3</td>\n",
       "      <td>23</td>\n",
       "      <td>154.25</td>\n",
       "      <td>67.75</td>\n",
       "      <td>36.2</td>\n",
       "      <td>93.1</td>\n",
       "      <td>85.2</td>\n",
       "      <td>94.5</td>\n",
       "      <td>59.0</td>\n",
       "      <td>37.3</td>\n",
       "      <td>21.9</td>\n",
       "      <td>32.0</td>\n",
       "      <td>27.4</td>\n",
       "      <td>17.1</td>\n",
       "    </tr>\n",
       "    <tr>\n",
       "      <th>1</th>\n",
       "      <td>1.0853</td>\n",
       "      <td>6.1</td>\n",
       "      <td>22</td>\n",
       "      <td>173.25</td>\n",
       "      <td>72.25</td>\n",
       "      <td>38.5</td>\n",
       "      <td>93.6</td>\n",
       "      <td>83.0</td>\n",
       "      <td>98.7</td>\n",
       "      <td>58.7</td>\n",
       "      <td>37.3</td>\n",
       "      <td>23.4</td>\n",
       "      <td>30.5</td>\n",
       "      <td>28.9</td>\n",
       "      <td>18.2</td>\n",
       "    </tr>\n",
       "    <tr>\n",
       "      <th>2</th>\n",
       "      <td>1.0414</td>\n",
       "      <td>25.3</td>\n",
       "      <td>22</td>\n",
       "      <td>154.00</td>\n",
       "      <td>66.25</td>\n",
       "      <td>34.0</td>\n",
       "      <td>95.8</td>\n",
       "      <td>87.9</td>\n",
       "      <td>99.2</td>\n",
       "      <td>59.6</td>\n",
       "      <td>38.9</td>\n",
       "      <td>24.0</td>\n",
       "      <td>28.8</td>\n",
       "      <td>25.2</td>\n",
       "      <td>16.6</td>\n",
       "    </tr>\n",
       "    <tr>\n",
       "      <th>3</th>\n",
       "      <td>1.0751</td>\n",
       "      <td>10.4</td>\n",
       "      <td>26</td>\n",
       "      <td>184.75</td>\n",
       "      <td>72.25</td>\n",
       "      <td>37.4</td>\n",
       "      <td>101.8</td>\n",
       "      <td>86.4</td>\n",
       "      <td>101.2</td>\n",
       "      <td>60.1</td>\n",
       "      <td>37.3</td>\n",
       "      <td>22.8</td>\n",
       "      <td>32.4</td>\n",
       "      <td>29.4</td>\n",
       "      <td>18.2</td>\n",
       "    </tr>\n",
       "    <tr>\n",
       "      <th>4</th>\n",
       "      <td>1.0340</td>\n",
       "      <td>28.7</td>\n",
       "      <td>24</td>\n",
       "      <td>184.25</td>\n",
       "      <td>71.25</td>\n",
       "      <td>34.4</td>\n",
       "      <td>97.3</td>\n",
       "      <td>100.0</td>\n",
       "      <td>101.9</td>\n",
       "      <td>63.2</td>\n",
       "      <td>42.2</td>\n",
       "      <td>24.0</td>\n",
       "      <td>32.2</td>\n",
       "      <td>27.7</td>\n",
       "      <td>17.7</td>\n",
       "    </tr>\n",
       "    <tr>\n",
       "      <th>...</th>\n",
       "      <td>...</td>\n",
       "      <td>...</td>\n",
       "      <td>...</td>\n",
       "      <td>...</td>\n",
       "      <td>...</td>\n",
       "      <td>...</td>\n",
       "      <td>...</td>\n",
       "      <td>...</td>\n",
       "      <td>...</td>\n",
       "      <td>...</td>\n",
       "      <td>...</td>\n",
       "      <td>...</td>\n",
       "      <td>...</td>\n",
       "      <td>...</td>\n",
       "      <td>...</td>\n",
       "    </tr>\n",
       "    <tr>\n",
       "      <th>247</th>\n",
       "      <td>1.0736</td>\n",
       "      <td>11.0</td>\n",
       "      <td>70</td>\n",
       "      <td>134.25</td>\n",
       "      <td>67.00</td>\n",
       "      <td>34.9</td>\n",
       "      <td>89.2</td>\n",
       "      <td>83.6</td>\n",
       "      <td>88.8</td>\n",
       "      <td>49.6</td>\n",
       "      <td>34.8</td>\n",
       "      <td>21.5</td>\n",
       "      <td>25.6</td>\n",
       "      <td>25.7</td>\n",
       "      <td>18.5</td>\n",
       "    </tr>\n",
       "    <tr>\n",
       "      <th>248</th>\n",
       "      <td>1.0236</td>\n",
       "      <td>33.6</td>\n",
       "      <td>72</td>\n",
       "      <td>201.00</td>\n",
       "      <td>69.75</td>\n",
       "      <td>40.9</td>\n",
       "      <td>108.5</td>\n",
       "      <td>105.0</td>\n",
       "      <td>104.5</td>\n",
       "      <td>59.6</td>\n",
       "      <td>40.8</td>\n",
       "      <td>23.2</td>\n",
       "      <td>35.2</td>\n",
       "      <td>28.6</td>\n",
       "      <td>20.1</td>\n",
       "    </tr>\n",
       "    <tr>\n",
       "      <th>249</th>\n",
       "      <td>1.0328</td>\n",
       "      <td>29.3</td>\n",
       "      <td>72</td>\n",
       "      <td>186.75</td>\n",
       "      <td>66.00</td>\n",
       "      <td>38.9</td>\n",
       "      <td>111.1</td>\n",
       "      <td>111.5</td>\n",
       "      <td>101.7</td>\n",
       "      <td>60.3</td>\n",
       "      <td>37.3</td>\n",
       "      <td>21.5</td>\n",
       "      <td>31.3</td>\n",
       "      <td>27.2</td>\n",
       "      <td>18.0</td>\n",
       "    </tr>\n",
       "    <tr>\n",
       "      <th>250</th>\n",
       "      <td>1.0399</td>\n",
       "      <td>26.0</td>\n",
       "      <td>72</td>\n",
       "      <td>190.75</td>\n",
       "      <td>70.50</td>\n",
       "      <td>38.9</td>\n",
       "      <td>108.3</td>\n",
       "      <td>101.3</td>\n",
       "      <td>97.8</td>\n",
       "      <td>56.0</td>\n",
       "      <td>41.6</td>\n",
       "      <td>22.7</td>\n",
       "      <td>30.5</td>\n",
       "      <td>29.4</td>\n",
       "      <td>19.8</td>\n",
       "    </tr>\n",
       "    <tr>\n",
       "      <th>251</th>\n",
       "      <td>1.0271</td>\n",
       "      <td>31.9</td>\n",
       "      <td>74</td>\n",
       "      <td>207.50</td>\n",
       "      <td>70.00</td>\n",
       "      <td>40.8</td>\n",
       "      <td>112.4</td>\n",
       "      <td>108.5</td>\n",
       "      <td>107.1</td>\n",
       "      <td>59.3</td>\n",
       "      <td>42.2</td>\n",
       "      <td>24.6</td>\n",
       "      <td>33.7</td>\n",
       "      <td>30.0</td>\n",
       "      <td>20.9</td>\n",
       "    </tr>\n",
       "  </tbody>\n",
       "</table>\n",
       "<p>252 rows × 15 columns</p>\n",
       "</div>"
      ],
      "text/plain": [
       "     Density  BodyFat  Age  Weight  Height  Neck  Chest  Abdomen    Hip  \\\n",
       "0     1.0708     12.3   23  154.25   67.75  36.2   93.1     85.2   94.5   \n",
       "1     1.0853      6.1   22  173.25   72.25  38.5   93.6     83.0   98.7   \n",
       "2     1.0414     25.3   22  154.00   66.25  34.0   95.8     87.9   99.2   \n",
       "3     1.0751     10.4   26  184.75   72.25  37.4  101.8     86.4  101.2   \n",
       "4     1.0340     28.7   24  184.25   71.25  34.4   97.3    100.0  101.9   \n",
       "..       ...      ...  ...     ...     ...   ...    ...      ...    ...   \n",
       "247   1.0736     11.0   70  134.25   67.00  34.9   89.2     83.6   88.8   \n",
       "248   1.0236     33.6   72  201.00   69.75  40.9  108.5    105.0  104.5   \n",
       "249   1.0328     29.3   72  186.75   66.00  38.9  111.1    111.5  101.7   \n",
       "250   1.0399     26.0   72  190.75   70.50  38.9  108.3    101.3   97.8   \n",
       "251   1.0271     31.9   74  207.50   70.00  40.8  112.4    108.5  107.1   \n",
       "\n",
       "     Thigh  Knee  Ankle  Biceps  Forearm  Wrist  \n",
       "0     59.0  37.3   21.9    32.0     27.4   17.1  \n",
       "1     58.7  37.3   23.4    30.5     28.9   18.2  \n",
       "2     59.6  38.9   24.0    28.8     25.2   16.6  \n",
       "3     60.1  37.3   22.8    32.4     29.4   18.2  \n",
       "4     63.2  42.2   24.0    32.2     27.7   17.7  \n",
       "..     ...   ...    ...     ...      ...    ...  \n",
       "247   49.6  34.8   21.5    25.6     25.7   18.5  \n",
       "248   59.6  40.8   23.2    35.2     28.6   20.1  \n",
       "249   60.3  37.3   21.5    31.3     27.2   18.0  \n",
       "250   56.0  41.6   22.7    30.5     29.4   19.8  \n",
       "251   59.3  42.2   24.6    33.7     30.0   20.9  \n",
       "\n",
       "[252 rows x 15 columns]"
      ]
     },
     "execution_count": 2,
     "metadata": {},
     "output_type": "execute_result"
    }
   ],
   "source": [
    "df = pd.read_csv('./DataSets/bodyfat.csv')\n",
    "df"
   ]
  },
  {
   "cell_type": "markdown",
   "metadata": {
    "id": "yTEkKqLV90nM"
   },
   "source": [
    "# Understanding the Data"
   ]
  },
  {
   "cell_type": "code",
   "execution_count": 3,
   "metadata": {
    "colab": {
     "base_uri": "https://localhost:8080/"
    },
    "id": "1CedT68L9354",
    "outputId": "eba69e43-0485-477d-c4d0-ac19d7e1adbf"
   },
   "outputs": [
    {
     "data": {
      "text/plain": [
       "Density    float64\n",
       "BodyFat    float64\n",
       "Age          int64\n",
       "Weight     float64\n",
       "Height     float64\n",
       "Neck       float64\n",
       "Chest      float64\n",
       "Abdomen    float64\n",
       "Hip        float64\n",
       "Thigh      float64\n",
       "Knee       float64\n",
       "Ankle      float64\n",
       "Biceps     float64\n",
       "Forearm    float64\n",
       "Wrist      float64\n",
       "dtype: object"
      ]
     },
     "execution_count": 3,
     "metadata": {},
     "output_type": "execute_result"
    }
   ],
   "source": [
    "df.dtypes"
   ]
  },
  {
   "cell_type": "code",
   "execution_count": 4,
   "metadata": {
    "colab": {
     "base_uri": "https://localhost:8080/"
    },
    "id": "DywkJJor96tX",
    "outputId": "aad53cdb-fb7e-4940-84af-e6a975c60c7a"
   },
   "outputs": [
    {
     "data": {
      "text/plain": [
       "(252, 15)"
      ]
     },
     "execution_count": 4,
     "metadata": {},
     "output_type": "execute_result"
    }
   ],
   "source": [
    "df.shape"
   ]
  },
  {
   "cell_type": "code",
   "execution_count": 5,
   "metadata": {
    "colab": {
     "base_uri": "https://localhost:8080/"
    },
    "id": "wh4uaGSM989m",
    "outputId": "61d397c1-77a2-4541-fa7f-53a49186cdd4"
   },
   "outputs": [
    {
     "data": {
      "text/plain": [
       "3780"
      ]
     },
     "execution_count": 5,
     "metadata": {},
     "output_type": "execute_result"
    }
   ],
   "source": [
    "df.size"
   ]
  },
  {
   "cell_type": "code",
   "execution_count": 6,
   "metadata": {
    "colab": {
     "base_uri": "https://localhost:8080/"
    },
    "id": "rQPL8AVv9_I-",
    "outputId": "a0115033-29e6-49bc-9093-e1943c7332e3"
   },
   "outputs": [
    {
     "data": {
      "text/plain": [
       "Index(['Density', 'BodyFat', 'Age', 'Weight', 'Height', 'Neck', 'Chest',\n",
       "       'Abdomen', 'Hip', 'Thigh', 'Knee', 'Ankle', 'Biceps', 'Forearm',\n",
       "       'Wrist'],\n",
       "      dtype='object')"
      ]
     },
     "execution_count": 6,
     "metadata": {},
     "output_type": "execute_result"
    }
   ],
   "source": [
    "df.columns"
   ]
  },
  {
   "cell_type": "code",
   "execution_count": 7,
   "metadata": {
    "colab": {
     "base_uri": "https://localhost:8080/"
    },
    "id": "yfIWUjX9-A5F",
    "outputId": "da7bd886-9ea2-4ad1-bc18-2cd4af1a25c9"
   },
   "outputs": [
    {
     "name": "stdout",
     "output_type": "stream",
     "text": [
      "<class 'pandas.core.frame.DataFrame'>\n",
      "RangeIndex: 252 entries, 0 to 251\n",
      "Data columns (total 15 columns):\n",
      " #   Column   Non-Null Count  Dtype  \n",
      "---  ------   --------------  -----  \n",
      " 0   Density  252 non-null    float64\n",
      " 1   BodyFat  252 non-null    float64\n",
      " 2   Age      252 non-null    int64  \n",
      " 3   Weight   252 non-null    float64\n",
      " 4   Height   252 non-null    float64\n",
      " 5   Neck     252 non-null    float64\n",
      " 6   Chest    252 non-null    float64\n",
      " 7   Abdomen  252 non-null    float64\n",
      " 8   Hip      252 non-null    float64\n",
      " 9   Thigh    252 non-null    float64\n",
      " 10  Knee     252 non-null    float64\n",
      " 11  Ankle    252 non-null    float64\n",
      " 12  Biceps   252 non-null    float64\n",
      " 13  Forearm  252 non-null    float64\n",
      " 14  Wrist    252 non-null    float64\n",
      "dtypes: float64(14), int64(1)\n",
      "memory usage: 29.7 KB\n"
     ]
    }
   ],
   "source": [
    "df.info()"
   ]
  },
  {
   "cell_type": "code",
   "execution_count": 8,
   "metadata": {
    "colab": {
     "base_uri": "https://localhost:8080/",
     "height": 284
    },
    "id": "a1nn4m__-DSm",
    "outputId": "4d8cb971-4a0a-41f1-ff62-9c62a3ad8592"
   },
   "outputs": [
    {
     "data": {
      "text/html": [
       "<div>\n",
       "<style scoped>\n",
       "    .dataframe tbody tr th:only-of-type {\n",
       "        vertical-align: middle;\n",
       "    }\n",
       "\n",
       "    .dataframe tbody tr th {\n",
       "        vertical-align: top;\n",
       "    }\n",
       "\n",
       "    .dataframe thead th {\n",
       "        text-align: right;\n",
       "    }\n",
       "</style>\n",
       "<table border=\"1\" class=\"dataframe\">\n",
       "  <thead>\n",
       "    <tr style=\"text-align: right;\">\n",
       "      <th></th>\n",
       "      <th>Density</th>\n",
       "      <th>BodyFat</th>\n",
       "      <th>Age</th>\n",
       "      <th>Weight</th>\n",
       "      <th>Height</th>\n",
       "      <th>Neck</th>\n",
       "      <th>Chest</th>\n",
       "      <th>Abdomen</th>\n",
       "      <th>Hip</th>\n",
       "      <th>Thigh</th>\n",
       "      <th>Knee</th>\n",
       "      <th>Ankle</th>\n",
       "      <th>Biceps</th>\n",
       "      <th>Forearm</th>\n",
       "      <th>Wrist</th>\n",
       "    </tr>\n",
       "  </thead>\n",
       "  <tbody>\n",
       "    <tr>\n",
       "      <th>count</th>\n",
       "      <td>252.000000</td>\n",
       "      <td>252.000000</td>\n",
       "      <td>252.000000</td>\n",
       "      <td>252.000000</td>\n",
       "      <td>252.000000</td>\n",
       "      <td>252.000000</td>\n",
       "      <td>252.000000</td>\n",
       "      <td>252.000000</td>\n",
       "      <td>252.000000</td>\n",
       "      <td>252.000000</td>\n",
       "      <td>252.000000</td>\n",
       "      <td>252.000000</td>\n",
       "      <td>252.000000</td>\n",
       "      <td>252.000000</td>\n",
       "      <td>252.000000</td>\n",
       "    </tr>\n",
       "    <tr>\n",
       "      <th>mean</th>\n",
       "      <td>1.055574</td>\n",
       "      <td>19.150794</td>\n",
       "      <td>44.884921</td>\n",
       "      <td>178.924405</td>\n",
       "      <td>70.148810</td>\n",
       "      <td>37.992063</td>\n",
       "      <td>100.824206</td>\n",
       "      <td>92.555952</td>\n",
       "      <td>99.904762</td>\n",
       "      <td>59.405952</td>\n",
       "      <td>38.590476</td>\n",
       "      <td>23.102381</td>\n",
       "      <td>32.273413</td>\n",
       "      <td>28.663889</td>\n",
       "      <td>18.229762</td>\n",
       "    </tr>\n",
       "    <tr>\n",
       "      <th>std</th>\n",
       "      <td>0.019031</td>\n",
       "      <td>8.368740</td>\n",
       "      <td>12.602040</td>\n",
       "      <td>29.389160</td>\n",
       "      <td>3.662856</td>\n",
       "      <td>2.430913</td>\n",
       "      <td>8.430476</td>\n",
       "      <td>10.783077</td>\n",
       "      <td>7.164058</td>\n",
       "      <td>5.249952</td>\n",
       "      <td>2.411805</td>\n",
       "      <td>1.694893</td>\n",
       "      <td>3.021274</td>\n",
       "      <td>2.020691</td>\n",
       "      <td>0.933585</td>\n",
       "    </tr>\n",
       "    <tr>\n",
       "      <th>min</th>\n",
       "      <td>0.995000</td>\n",
       "      <td>0.000000</td>\n",
       "      <td>22.000000</td>\n",
       "      <td>118.500000</td>\n",
       "      <td>29.500000</td>\n",
       "      <td>31.100000</td>\n",
       "      <td>79.300000</td>\n",
       "      <td>69.400000</td>\n",
       "      <td>85.000000</td>\n",
       "      <td>47.200000</td>\n",
       "      <td>33.000000</td>\n",
       "      <td>19.100000</td>\n",
       "      <td>24.800000</td>\n",
       "      <td>21.000000</td>\n",
       "      <td>15.800000</td>\n",
       "    </tr>\n",
       "    <tr>\n",
       "      <th>25%</th>\n",
       "      <td>1.041400</td>\n",
       "      <td>12.475000</td>\n",
       "      <td>35.750000</td>\n",
       "      <td>159.000000</td>\n",
       "      <td>68.250000</td>\n",
       "      <td>36.400000</td>\n",
       "      <td>94.350000</td>\n",
       "      <td>84.575000</td>\n",
       "      <td>95.500000</td>\n",
       "      <td>56.000000</td>\n",
       "      <td>36.975000</td>\n",
       "      <td>22.000000</td>\n",
       "      <td>30.200000</td>\n",
       "      <td>27.300000</td>\n",
       "      <td>17.600000</td>\n",
       "    </tr>\n",
       "    <tr>\n",
       "      <th>50%</th>\n",
       "      <td>1.054900</td>\n",
       "      <td>19.200000</td>\n",
       "      <td>43.000000</td>\n",
       "      <td>176.500000</td>\n",
       "      <td>70.000000</td>\n",
       "      <td>38.000000</td>\n",
       "      <td>99.650000</td>\n",
       "      <td>90.950000</td>\n",
       "      <td>99.300000</td>\n",
       "      <td>59.000000</td>\n",
       "      <td>38.500000</td>\n",
       "      <td>22.800000</td>\n",
       "      <td>32.050000</td>\n",
       "      <td>28.700000</td>\n",
       "      <td>18.300000</td>\n",
       "    </tr>\n",
       "    <tr>\n",
       "      <th>75%</th>\n",
       "      <td>1.070400</td>\n",
       "      <td>25.300000</td>\n",
       "      <td>54.000000</td>\n",
       "      <td>197.000000</td>\n",
       "      <td>72.250000</td>\n",
       "      <td>39.425000</td>\n",
       "      <td>105.375000</td>\n",
       "      <td>99.325000</td>\n",
       "      <td>103.525000</td>\n",
       "      <td>62.350000</td>\n",
       "      <td>39.925000</td>\n",
       "      <td>24.000000</td>\n",
       "      <td>34.325000</td>\n",
       "      <td>30.000000</td>\n",
       "      <td>18.800000</td>\n",
       "    </tr>\n",
       "    <tr>\n",
       "      <th>max</th>\n",
       "      <td>1.108900</td>\n",
       "      <td>47.500000</td>\n",
       "      <td>81.000000</td>\n",
       "      <td>363.150000</td>\n",
       "      <td>77.750000</td>\n",
       "      <td>51.200000</td>\n",
       "      <td>136.200000</td>\n",
       "      <td>148.100000</td>\n",
       "      <td>147.700000</td>\n",
       "      <td>87.300000</td>\n",
       "      <td>49.100000</td>\n",
       "      <td>33.900000</td>\n",
       "      <td>45.000000</td>\n",
       "      <td>34.900000</td>\n",
       "      <td>21.400000</td>\n",
       "    </tr>\n",
       "  </tbody>\n",
       "</table>\n",
       "</div>"
      ],
      "text/plain": [
       "          Density     BodyFat         Age      Weight      Height        Neck  \\\n",
       "count  252.000000  252.000000  252.000000  252.000000  252.000000  252.000000   \n",
       "mean     1.055574   19.150794   44.884921  178.924405   70.148810   37.992063   \n",
       "std      0.019031    8.368740   12.602040   29.389160    3.662856    2.430913   \n",
       "min      0.995000    0.000000   22.000000  118.500000   29.500000   31.100000   \n",
       "25%      1.041400   12.475000   35.750000  159.000000   68.250000   36.400000   \n",
       "50%      1.054900   19.200000   43.000000  176.500000   70.000000   38.000000   \n",
       "75%      1.070400   25.300000   54.000000  197.000000   72.250000   39.425000   \n",
       "max      1.108900   47.500000   81.000000  363.150000   77.750000   51.200000   \n",
       "\n",
       "            Chest     Abdomen         Hip       Thigh        Knee       Ankle  \\\n",
       "count  252.000000  252.000000  252.000000  252.000000  252.000000  252.000000   \n",
       "mean   100.824206   92.555952   99.904762   59.405952   38.590476   23.102381   \n",
       "std      8.430476   10.783077    7.164058    5.249952    2.411805    1.694893   \n",
       "min     79.300000   69.400000   85.000000   47.200000   33.000000   19.100000   \n",
       "25%     94.350000   84.575000   95.500000   56.000000   36.975000   22.000000   \n",
       "50%     99.650000   90.950000   99.300000   59.000000   38.500000   22.800000   \n",
       "75%    105.375000   99.325000  103.525000   62.350000   39.925000   24.000000   \n",
       "max    136.200000  148.100000  147.700000   87.300000   49.100000   33.900000   \n",
       "\n",
       "           Biceps     Forearm       Wrist  \n",
       "count  252.000000  252.000000  252.000000  \n",
       "mean    32.273413   28.663889   18.229762  \n",
       "std      3.021274    2.020691    0.933585  \n",
       "min     24.800000   21.000000   15.800000  \n",
       "25%     30.200000   27.300000   17.600000  \n",
       "50%     32.050000   28.700000   18.300000  \n",
       "75%     34.325000   30.000000   18.800000  \n",
       "max     45.000000   34.900000   21.400000  "
      ]
     },
     "execution_count": 8,
     "metadata": {},
     "output_type": "execute_result"
    }
   ],
   "source": [
    "df.describe()"
   ]
  },
  {
   "cell_type": "code",
   "execution_count": 9,
   "metadata": {
    "colab": {
     "base_uri": "https://localhost:8080/",
     "height": 491
    },
    "id": "hl3dr9Pd-F1c",
    "outputId": "dddf75b4-2dc8-48f4-eb9f-517a9c94b9b8"
   },
   "outputs": [
    {
     "data": {
      "text/html": [
       "<div>\n",
       "<style scoped>\n",
       "    .dataframe tbody tr th:only-of-type {\n",
       "        vertical-align: middle;\n",
       "    }\n",
       "\n",
       "    .dataframe tbody tr th {\n",
       "        vertical-align: top;\n",
       "    }\n",
       "\n",
       "    .dataframe thead th {\n",
       "        text-align: right;\n",
       "    }\n",
       "</style>\n",
       "<table border=\"1\" class=\"dataframe\">\n",
       "  <thead>\n",
       "    <tr style=\"text-align: right;\">\n",
       "      <th></th>\n",
       "      <th>Density</th>\n",
       "      <th>BodyFat</th>\n",
       "      <th>Age</th>\n",
       "      <th>Weight</th>\n",
       "      <th>Height</th>\n",
       "      <th>Neck</th>\n",
       "      <th>Chest</th>\n",
       "      <th>Abdomen</th>\n",
       "      <th>Hip</th>\n",
       "      <th>Thigh</th>\n",
       "      <th>Knee</th>\n",
       "      <th>Ankle</th>\n",
       "      <th>Biceps</th>\n",
       "      <th>Forearm</th>\n",
       "      <th>Wrist</th>\n",
       "    </tr>\n",
       "  </thead>\n",
       "  <tbody>\n",
       "    <tr>\n",
       "      <th>Density</th>\n",
       "      <td>1.000000</td>\n",
       "      <td>-0.987782</td>\n",
       "      <td>-0.277637</td>\n",
       "      <td>-0.594062</td>\n",
       "      <td>0.097881</td>\n",
       "      <td>-0.472966</td>\n",
       "      <td>-0.682599</td>\n",
       "      <td>-0.798955</td>\n",
       "      <td>-0.609331</td>\n",
       "      <td>-0.553091</td>\n",
       "      <td>-0.495040</td>\n",
       "      <td>-0.264890</td>\n",
       "      <td>-0.487109</td>\n",
       "      <td>-0.351648</td>\n",
       "      <td>-0.325716</td>\n",
       "    </tr>\n",
       "    <tr>\n",
       "      <th>BodyFat</th>\n",
       "      <td>-0.987782</td>\n",
       "      <td>1.000000</td>\n",
       "      <td>0.291458</td>\n",
       "      <td>0.612414</td>\n",
       "      <td>-0.089495</td>\n",
       "      <td>0.490592</td>\n",
       "      <td>0.702620</td>\n",
       "      <td>0.813432</td>\n",
       "      <td>0.625201</td>\n",
       "      <td>0.559608</td>\n",
       "      <td>0.508665</td>\n",
       "      <td>0.265970</td>\n",
       "      <td>0.493271</td>\n",
       "      <td>0.361387</td>\n",
       "      <td>0.346575</td>\n",
       "    </tr>\n",
       "    <tr>\n",
       "      <th>Age</th>\n",
       "      <td>-0.277637</td>\n",
       "      <td>0.291458</td>\n",
       "      <td>1.000000</td>\n",
       "      <td>-0.012746</td>\n",
       "      <td>-0.171645</td>\n",
       "      <td>0.113505</td>\n",
       "      <td>0.176450</td>\n",
       "      <td>0.230409</td>\n",
       "      <td>-0.050332</td>\n",
       "      <td>-0.200096</td>\n",
       "      <td>0.017516</td>\n",
       "      <td>-0.105058</td>\n",
       "      <td>-0.041162</td>\n",
       "      <td>-0.085056</td>\n",
       "      <td>0.213531</td>\n",
       "    </tr>\n",
       "    <tr>\n",
       "      <th>Weight</th>\n",
       "      <td>-0.594062</td>\n",
       "      <td>0.612414</td>\n",
       "      <td>-0.012746</td>\n",
       "      <td>1.000000</td>\n",
       "      <td>0.308279</td>\n",
       "      <td>0.830716</td>\n",
       "      <td>0.894191</td>\n",
       "      <td>0.887995</td>\n",
       "      <td>0.940884</td>\n",
       "      <td>0.868694</td>\n",
       "      <td>0.853167</td>\n",
       "      <td>0.613685</td>\n",
       "      <td>0.800416</td>\n",
       "      <td>0.630301</td>\n",
       "      <td>0.729775</td>\n",
       "    </tr>\n",
       "    <tr>\n",
       "      <th>Height</th>\n",
       "      <td>0.097881</td>\n",
       "      <td>-0.089495</td>\n",
       "      <td>-0.171645</td>\n",
       "      <td>0.308279</td>\n",
       "      <td>1.000000</td>\n",
       "      <td>0.253710</td>\n",
       "      <td>0.134892</td>\n",
       "      <td>0.087813</td>\n",
       "      <td>0.170394</td>\n",
       "      <td>0.148436</td>\n",
       "      <td>0.286053</td>\n",
       "      <td>0.264744</td>\n",
       "      <td>0.207816</td>\n",
       "      <td>0.228649</td>\n",
       "      <td>0.322065</td>\n",
       "    </tr>\n",
       "    <tr>\n",
       "      <th>Neck</th>\n",
       "      <td>-0.472966</td>\n",
       "      <td>0.490592</td>\n",
       "      <td>0.113505</td>\n",
       "      <td>0.830716</td>\n",
       "      <td>0.253710</td>\n",
       "      <td>1.000000</td>\n",
       "      <td>0.784835</td>\n",
       "      <td>0.754077</td>\n",
       "      <td>0.734958</td>\n",
       "      <td>0.695697</td>\n",
       "      <td>0.672405</td>\n",
       "      <td>0.477892</td>\n",
       "      <td>0.731146</td>\n",
       "      <td>0.623660</td>\n",
       "      <td>0.744826</td>\n",
       "    </tr>\n",
       "    <tr>\n",
       "      <th>Chest</th>\n",
       "      <td>-0.682599</td>\n",
       "      <td>0.702620</td>\n",
       "      <td>0.176450</td>\n",
       "      <td>0.894191</td>\n",
       "      <td>0.134892</td>\n",
       "      <td>0.784835</td>\n",
       "      <td>1.000000</td>\n",
       "      <td>0.915828</td>\n",
       "      <td>0.829420</td>\n",
       "      <td>0.729859</td>\n",
       "      <td>0.719496</td>\n",
       "      <td>0.482988</td>\n",
       "      <td>0.727907</td>\n",
       "      <td>0.580173</td>\n",
       "      <td>0.660162</td>\n",
       "    </tr>\n",
       "    <tr>\n",
       "      <th>Abdomen</th>\n",
       "      <td>-0.798955</td>\n",
       "      <td>0.813432</td>\n",
       "      <td>0.230409</td>\n",
       "      <td>0.887995</td>\n",
       "      <td>0.087813</td>\n",
       "      <td>0.754077</td>\n",
       "      <td>0.915828</td>\n",
       "      <td>1.000000</td>\n",
       "      <td>0.874066</td>\n",
       "      <td>0.766624</td>\n",
       "      <td>0.737179</td>\n",
       "      <td>0.453223</td>\n",
       "      <td>0.684983</td>\n",
       "      <td>0.503316</td>\n",
       "      <td>0.619832</td>\n",
       "    </tr>\n",
       "    <tr>\n",
       "      <th>Hip</th>\n",
       "      <td>-0.609331</td>\n",
       "      <td>0.625201</td>\n",
       "      <td>-0.050332</td>\n",
       "      <td>0.940884</td>\n",
       "      <td>0.170394</td>\n",
       "      <td>0.734958</td>\n",
       "      <td>0.829420</td>\n",
       "      <td>0.874066</td>\n",
       "      <td>1.000000</td>\n",
       "      <td>0.896410</td>\n",
       "      <td>0.823473</td>\n",
       "      <td>0.558387</td>\n",
       "      <td>0.739273</td>\n",
       "      <td>0.545014</td>\n",
       "      <td>0.630090</td>\n",
       "    </tr>\n",
       "    <tr>\n",
       "      <th>Thigh</th>\n",
       "      <td>-0.553091</td>\n",
       "      <td>0.559608</td>\n",
       "      <td>-0.200096</td>\n",
       "      <td>0.868694</td>\n",
       "      <td>0.148436</td>\n",
       "      <td>0.695697</td>\n",
       "      <td>0.729859</td>\n",
       "      <td>0.766624</td>\n",
       "      <td>0.896410</td>\n",
       "      <td>1.000000</td>\n",
       "      <td>0.799170</td>\n",
       "      <td>0.539797</td>\n",
       "      <td>0.761477</td>\n",
       "      <td>0.566842</td>\n",
       "      <td>0.558685</td>\n",
       "    </tr>\n",
       "    <tr>\n",
       "      <th>Knee</th>\n",
       "      <td>-0.495040</td>\n",
       "      <td>0.508665</td>\n",
       "      <td>0.017516</td>\n",
       "      <td>0.853167</td>\n",
       "      <td>0.286053</td>\n",
       "      <td>0.672405</td>\n",
       "      <td>0.719496</td>\n",
       "      <td>0.737179</td>\n",
       "      <td>0.823473</td>\n",
       "      <td>0.799170</td>\n",
       "      <td>1.000000</td>\n",
       "      <td>0.611608</td>\n",
       "      <td>0.678709</td>\n",
       "      <td>0.555898</td>\n",
       "      <td>0.664507</td>\n",
       "    </tr>\n",
       "    <tr>\n",
       "      <th>Ankle</th>\n",
       "      <td>-0.264890</td>\n",
       "      <td>0.265970</td>\n",
       "      <td>-0.105058</td>\n",
       "      <td>0.613685</td>\n",
       "      <td>0.264744</td>\n",
       "      <td>0.477892</td>\n",
       "      <td>0.482988</td>\n",
       "      <td>0.453223</td>\n",
       "      <td>0.558387</td>\n",
       "      <td>0.539797</td>\n",
       "      <td>0.611608</td>\n",
       "      <td>1.000000</td>\n",
       "      <td>0.484855</td>\n",
       "      <td>0.419050</td>\n",
       "      <td>0.566195</td>\n",
       "    </tr>\n",
       "    <tr>\n",
       "      <th>Biceps</th>\n",
       "      <td>-0.487109</td>\n",
       "      <td>0.493271</td>\n",
       "      <td>-0.041162</td>\n",
       "      <td>0.800416</td>\n",
       "      <td>0.207816</td>\n",
       "      <td>0.731146</td>\n",
       "      <td>0.727907</td>\n",
       "      <td>0.684983</td>\n",
       "      <td>0.739273</td>\n",
       "      <td>0.761477</td>\n",
       "      <td>0.678709</td>\n",
       "      <td>0.484855</td>\n",
       "      <td>1.000000</td>\n",
       "      <td>0.678255</td>\n",
       "      <td>0.632126</td>\n",
       "    </tr>\n",
       "    <tr>\n",
       "      <th>Forearm</th>\n",
       "      <td>-0.351648</td>\n",
       "      <td>0.361387</td>\n",
       "      <td>-0.085056</td>\n",
       "      <td>0.630301</td>\n",
       "      <td>0.228649</td>\n",
       "      <td>0.623660</td>\n",
       "      <td>0.580173</td>\n",
       "      <td>0.503316</td>\n",
       "      <td>0.545014</td>\n",
       "      <td>0.566842</td>\n",
       "      <td>0.555898</td>\n",
       "      <td>0.419050</td>\n",
       "      <td>0.678255</td>\n",
       "      <td>1.000000</td>\n",
       "      <td>0.585588</td>\n",
       "    </tr>\n",
       "    <tr>\n",
       "      <th>Wrist</th>\n",
       "      <td>-0.325716</td>\n",
       "      <td>0.346575</td>\n",
       "      <td>0.213531</td>\n",
       "      <td>0.729775</td>\n",
       "      <td>0.322065</td>\n",
       "      <td>0.744826</td>\n",
       "      <td>0.660162</td>\n",
       "      <td>0.619832</td>\n",
       "      <td>0.630090</td>\n",
       "      <td>0.558685</td>\n",
       "      <td>0.664507</td>\n",
       "      <td>0.566195</td>\n",
       "      <td>0.632126</td>\n",
       "      <td>0.585588</td>\n",
       "      <td>1.000000</td>\n",
       "    </tr>\n",
       "  </tbody>\n",
       "</table>\n",
       "</div>"
      ],
      "text/plain": [
       "          Density   BodyFat       Age    Weight    Height      Neck     Chest  \\\n",
       "Density  1.000000 -0.987782 -0.277637 -0.594062  0.097881 -0.472966 -0.682599   \n",
       "BodyFat -0.987782  1.000000  0.291458  0.612414 -0.089495  0.490592  0.702620   \n",
       "Age     -0.277637  0.291458  1.000000 -0.012746 -0.171645  0.113505  0.176450   \n",
       "Weight  -0.594062  0.612414 -0.012746  1.000000  0.308279  0.830716  0.894191   \n",
       "Height   0.097881 -0.089495 -0.171645  0.308279  1.000000  0.253710  0.134892   \n",
       "Neck    -0.472966  0.490592  0.113505  0.830716  0.253710  1.000000  0.784835   \n",
       "Chest   -0.682599  0.702620  0.176450  0.894191  0.134892  0.784835  1.000000   \n",
       "Abdomen -0.798955  0.813432  0.230409  0.887995  0.087813  0.754077  0.915828   \n",
       "Hip     -0.609331  0.625201 -0.050332  0.940884  0.170394  0.734958  0.829420   \n",
       "Thigh   -0.553091  0.559608 -0.200096  0.868694  0.148436  0.695697  0.729859   \n",
       "Knee    -0.495040  0.508665  0.017516  0.853167  0.286053  0.672405  0.719496   \n",
       "Ankle   -0.264890  0.265970 -0.105058  0.613685  0.264744  0.477892  0.482988   \n",
       "Biceps  -0.487109  0.493271 -0.041162  0.800416  0.207816  0.731146  0.727907   \n",
       "Forearm -0.351648  0.361387 -0.085056  0.630301  0.228649  0.623660  0.580173   \n",
       "Wrist   -0.325716  0.346575  0.213531  0.729775  0.322065  0.744826  0.660162   \n",
       "\n",
       "          Abdomen       Hip     Thigh      Knee     Ankle    Biceps   Forearm  \\\n",
       "Density -0.798955 -0.609331 -0.553091 -0.495040 -0.264890 -0.487109 -0.351648   \n",
       "BodyFat  0.813432  0.625201  0.559608  0.508665  0.265970  0.493271  0.361387   \n",
       "Age      0.230409 -0.050332 -0.200096  0.017516 -0.105058 -0.041162 -0.085056   \n",
       "Weight   0.887995  0.940884  0.868694  0.853167  0.613685  0.800416  0.630301   \n",
       "Height   0.087813  0.170394  0.148436  0.286053  0.264744  0.207816  0.228649   \n",
       "Neck     0.754077  0.734958  0.695697  0.672405  0.477892  0.731146  0.623660   \n",
       "Chest    0.915828  0.829420  0.729859  0.719496  0.482988  0.727907  0.580173   \n",
       "Abdomen  1.000000  0.874066  0.766624  0.737179  0.453223  0.684983  0.503316   \n",
       "Hip      0.874066  1.000000  0.896410  0.823473  0.558387  0.739273  0.545014   \n",
       "Thigh    0.766624  0.896410  1.000000  0.799170  0.539797  0.761477  0.566842   \n",
       "Knee     0.737179  0.823473  0.799170  1.000000  0.611608  0.678709  0.555898   \n",
       "Ankle    0.453223  0.558387  0.539797  0.611608  1.000000  0.484855  0.419050   \n",
       "Biceps   0.684983  0.739273  0.761477  0.678709  0.484855  1.000000  0.678255   \n",
       "Forearm  0.503316  0.545014  0.566842  0.555898  0.419050  0.678255  1.000000   \n",
       "Wrist    0.619832  0.630090  0.558685  0.664507  0.566195  0.632126  0.585588   \n",
       "\n",
       "            Wrist  \n",
       "Density -0.325716  \n",
       "BodyFat  0.346575  \n",
       "Age      0.213531  \n",
       "Weight   0.729775  \n",
       "Height   0.322065  \n",
       "Neck     0.744826  \n",
       "Chest    0.660162  \n",
       "Abdomen  0.619832  \n",
       "Hip      0.630090  \n",
       "Thigh    0.558685  \n",
       "Knee     0.664507  \n",
       "Ankle    0.566195  \n",
       "Biceps   0.632126  \n",
       "Forearm  0.585588  \n",
       "Wrist    1.000000  "
      ]
     },
     "execution_count": 9,
     "metadata": {},
     "output_type": "execute_result"
    }
   ],
   "source": [
    "df.corr()"
   ]
  },
  {
   "cell_type": "code",
   "execution_count": 10,
   "metadata": {
    "colab": {
     "base_uri": "https://localhost:8080/"
    },
    "id": "p5-XLJrZ-KGh",
    "outputId": "0d121d53-c901-4270-b6a2-8b9f663ad068"
   },
   "outputs": [
    {
     "data": {
      "text/plain": [
       "Density    218\n",
       "BodyFat    176\n",
       "Age         51\n",
       "Weight     197\n",
       "Height      48\n",
       "Neck        90\n",
       "Chest      174\n",
       "Abdomen    185\n",
       "Hip        152\n",
       "Thigh      139\n",
       "Knee        90\n",
       "Ankle       61\n",
       "Biceps     104\n",
       "Forearm     77\n",
       "Wrist       44\n",
       "dtype: int64"
      ]
     },
     "execution_count": 10,
     "metadata": {},
     "output_type": "execute_result"
    }
   ],
   "source": [
    "df.nunique()"
   ]
  },
  {
   "cell_type": "code",
   "execution_count": 11,
   "metadata": {
    "colab": {
     "base_uri": "https://localhost:8080/"
    },
    "id": "P2ZZVXDC-M7B",
    "outputId": "aabb0e70-bf3a-40be-d984-0deb2ab521eb"
   },
   "outputs": [
    {
     "data": {
      "text/plain": [
       "Density    0\n",
       "BodyFat    0\n",
       "Age        0\n",
       "Weight     0\n",
       "Height     0\n",
       "Neck       0\n",
       "Chest      0\n",
       "Abdomen    0\n",
       "Hip        0\n",
       "Thigh      0\n",
       "Knee       0\n",
       "Ankle      0\n",
       "Biceps     0\n",
       "Forearm    0\n",
       "Wrist      0\n",
       "dtype: int64"
      ]
     },
     "execution_count": 11,
     "metadata": {},
     "output_type": "execute_result"
    }
   ],
   "source": [
    "df.isnull().sum()"
   ]
  },
  {
   "cell_type": "markdown",
   "metadata": {
    "id": "_iu4updW-Rhd"
   },
   "source": [
    "# Exploratory Data Analysis"
   ]
  },
  {
   "cell_type": "code",
   "execution_count": 12,
   "metadata": {
    "colab": {
     "base_uri": "https://localhost:8080/",
     "height": 698
    },
    "id": "vBObko75-VVj",
    "outputId": "98a5ddfe-bd4b-4858-e4f1-53f1dd0b93b3"
   },
   "outputs": [
    {
     "data": {
      "text/plain": [
